619332552913846282
1096968155034833056
1199787172904062996
1206268138698711210
1284662019341025351
1317711327753666603
1381033024107315240
1439428312496603177
1450847113109049448
1498792305241489408
1081707303708921958
1237163237267472516
1166034905361285203
1467670392129978471
1147617954033303624
1324819286325203044
1364426834690838569
1419399350093746267
1254118952410546228
1415503116320903298
1389385054790221967
1395555674322108427
1387424412554362933
1401770726389846117
1191605109705162772
1169451209267089529
1191089065764868106
1162138549219495957
1293710155208196256
1424847321719504927
1411892037900570684
1386171237730095145
1172963569575403541
1303108474019778562
1381834900080164984
1230886053339201668
1421534669878591579
1221126224642965614
1397632362052976835
1205563701181161544
1451863094329348180
875907785517322260
1192630662604263485
1396864079800438970
1435395473962827838
1320162800626303068
943937352412332093
1466920055064232250
1455891405062013121
1283587919264616489
1483202408216531126
1318198297462046792
960211457990074458
1243913367467327632
1098079739614339102
1330795209063137400
1477163970166132736
1222970198731128916
965288053193183272
1193275301057277962
1299167141177593898
1499940893573124096
1416754806147645600
1318243443943800957
1373748291195637881
1414014504718700606
1129529952266633266
1406432520505131138
1319730935390011496
1299726711981736006
1389443773330624614
1437924151594713159
1246807280482123863
1093683930672144545
1491612461218922547
889069605354602537
1090750153599758456
1263485658828242966
1404163634430738575
1427466424451989584
1432497832283082894
987409455970918400
1046948353184911377
1421901503521882216
1401389491905757275
1408394464170610789
1146899720808169644
972258580692607067
937181204489326602
389844517865390083
625522266754514947
1382430894211465230
1189224235445522494
1326649680653975654
1143344261685858378
1467590933855080551
1349695573489352776
1278091946082173044
1220509787654197371
841409478615629825
1201179581676277790
1399166508701323297
972465027078582303
1104317421948502087
1131993264657027072
873678183805911051
1360467090229825629
1333898153744924712
1043593306204020877
471031739251425282
1312118438499713055
576466220648235028
1327719879331156050
1432835448236937250
767118939544616981
1399864090842763415
791427784715010079
1426724808288243712
1426700350060101693
1411477683564445747
1411583150563397662
1029592477465841826
1398076626981355580
1251917371313094749
660286962271256576
1288229801303343237
1342441411965878332
1342479395285373004
1447627273300611124
1120374764729552938
832681704174256138
1056692097534660680
1104449150885568563
994674508944380044
1297912460812095521
1402820677794271274
1273166376969965598
1295024236133617664
1067118508971937822
1226565748240154737
1244334365194981567
1324400972734271510
1248957151880417331
1100093589884780584
1103887293363785738
1331977098671423510
1227407946070102029
1208170893151314014
1288507476261736504
1363905241577295972
994054500333670480
891643762252591104
1412862745711218808
1359339046790238228
1199482200182231100
1250497499320418381
999081459086274602
1159268319480791050
1417471881895870505
1088488095625793537
905957753472827412
1395430610553536522
1396871988286324786
991374812842823701
1397750958699712584
1297152726115024900
1177467404264165470
1432172145126932547
1404868447271391385
1186063809446678599
1153161250310738021
1400123478040121344
932389188303749150
1162087637880934493
1397012311860052118
1402781986577191076
445255341605650439
1287413327596621854
1339322971956711467
1394388290810937414
1193068196945723396
1137758265246220460
1103655378086023288
1398275619027947571
1386713122877997139
940594281377300541
537819522414149633
1452330250540421402
839559296765001729
1362748774006657064
1400610438915559565
1188808256697667694
1443333255897284789
1414318954171863101
1243336677141905461
1313896686136856700
1178398402208337921
1299740356799107183
1320400685812158465
994582251511758908
1399573937373053099
1323316116122107955
1283210141742927923
731216907667243128
1398993515223973970
821776074467180644
810575338332880968
1264354970149584956
1405505087719346216
1195361640800067627
1301221305315622969
753060473838239845
1197221838430937150
1139764689585315981
1397712764499136644
838579770903756841
1342283370633363500
1366568435265568859
1115632151480766484
1465031185699963032
1131641782648705034
1438319834306969680
1437899239949865042
1244609685454327873
1203698949664411681
1405178887792627734
1089245955250978997
1342940766112317621
783367837455482883
1112801756133462127
860066079371952149
1329847626442739862
1386798015486103613
960364223765053440
681229902745305100
1206724179437690921
668276242201706497
911656137592561785
1193623720951042072
1465853364624687341
1315782864771485698
381412514740699139
1413145771687018559
1379895375128694806
1149749524114448455
915759640426471434
1326680958941790282
1094779119293706400
584963732971585539
1419505609442721905
532220960200458242
1282057532193378468
1049454228017516644
971847839728685056
1154597086893973524
1195011191144202240
1029859408831860897
669673839030173716
1013068921437442078
1217565027263844472
397751945063956482
1457851315735498782
1383580277204586586
1444407070601380050
1407053309872832613
1404590443236294767
1400941631422861373
1428730090396844084
1341496852075511930
1289217796630122561
1392188134326013974
1299127449015287910
1395515202144960633
1485381341569613854
1428872994960310436
1430371987703992370
1407420793993957557
1396900225917911132
1385762526741921883
1391417501287448577
1409485826034765996
1443027292031815710
1394494527238045706
1157444239714701452
1366746250996744254
1407564375107043459
1196889166093488242
1438537560828805211
1365494640723230730
1337063727123533905
1443433302273822762
1359885557949403349
1395940970658533436
1484603028526076057
1287466576760799314
1383189520295395389
1387712995580313642
1496539127343091776
1252785966813286483
1045326034419068929
1287417540623990956
656134315880480788
1253437286964793415
954146556087521290
1163411403051376661
1165819994924404850
1395025208456515666
1413256682225799221
955669021792022538
1299337800839331862
1324181520742613025
1304525472654295118
1226258891361226843
1275990735455387734
1317879079911030848
1390980798810816611
1375654832127610961
1375161865348317388
1167432473110655122
1244946535603507220
1230436729316446238
1130501242578272298
1310924333685805098
1375827697573433415
1271593069598343279
1455177439717097559
1425510500233515249
1345043130441011291
1406632104942632990
1384954296935649472
1314764170079506492
1346649018750734336
1353056485663314003
1300441743631847476
1302437668445097985
1414300844194791607
1409838998230401035
1375095363991503069
1396393612798984192
1221220471689707634
1371994308726624380
935255224887681114
1355549787629551626
1408267882915430581
1406722418822742060
1152261769973223534
1413815578187137077
1395184332758585354
1408613521062625320
1259981808942977127
1385994534260965496
1316134032299528279
1345556367598944258
1395143593261535393
1147262984977125410
1349503455890247812
1423024927229083678
902000459328413727
1094610290563358721
1292502969488773229
1399513295093895219
798622489113526332
1378171340309401772
1078874891614421052
1120156450812076032
1156911137347076096
1457373001396916254
1283433847152971780
779560463020982303
1496645849114083510
1213517542631415941
1418817269722779668
1404180291215429663
726437628756361449
1242512561430335582
1414361269322121296
1440073484394037268
1311395572753633463
1253485744039923795
925436847826559027
1375989466824704011
1302686735477768343
1411155531342549025
1061124709305045002
1317714974126112810
1471939822506475570
1384776401026027643
975252792874778624
1390492230002937867
1233938811755561011
1135248144259620947
1446799134328623226
1278488504246079579
1020341217554341922
1415106482063671440
1400582176180932670
1152045898071818372
987506676095647749
1260724372575092892
732626299365097583
785284439747330088
1203020191726829621
1108445474207314001
1171770688307212308
1278097026126450702
1347259043017920532
1289674151149441056
1315160290408796243
1076813999489949788
1189963582486622310
1125888961211007128
1289291076791963762
1193276072565940366
1040747814130552902
1412194597509005435
1366362860145610882
1306072161508655135
1426409391195688990
1401611168971227198
1495265868106436759
1355686968310370424
1121573258790191245
1425929029621645383
1465142956930498864
1389239836963246190
1287223066828607516
1148293635041931315
1266558180792467529
1241492202513764553
789228924877406208
1308606321771151380
1155660858446315630
1323692503148531774
1289679209085800473
1453842079347376231
1390160747350331435
1397020516325265438
1342351054074810368
1243404315280805952
1421948654067122296
1213934243852324985
1266918343915606116
916828319197044736
1401279646909206528
1366182674305122375
1286084429760172142
1151173141004038296
1411616433305161929
1252076102072143952
1262543920147988575
1335054690026651680
1349036366092304498
1390434518531444790
1390787978137305178
1320231347050119292
1141063358968234035
1223373682882248937
1385960427543990363
1420106209746354246
1102733396351914096
1163242836146257940
1345513602140082227
1308219367347195986
1407720518236508181
1410413144953720895
890749252966424596
872106951906054177
1331267194226606198
1298067340344299601
1379972993685655554
1299806555528630274
1441889578200862772
1276638408852373594
770429136195944520
938475803027570699
1334565162912317473
1290442408999387152
1333165979093434398
1445817706275143821
1258592186501697647
1074804003973648486
645632313631178772
1181934985469497427
1162793489717801152
1224364722577477663
765610965274198056
1199902261296509030
1366118469157781647
703300616511815712
1392372631147118713
1072282856753221712
1230956898405191702
1436863457612795916
1394099768711581880
1410062349745913890
1386890052575170782
1118667325655236642
1287266127151497229
1333145536525762586
1156095559208292393
1392005042361466941
1286395522038632490
1396227062641197257
1400102439738408960
1223651426467577897
1351343674931544124
1128326356879560754
1397850538577498252
1413860675259994283
1448182811218542645
1419794830502133872
601486892609044493
1405201420646355145
746728715102191676
1411059982509674619
1397601018585284701
999322193559289896
1442547372814237836
736746375445741592
765950095199567923
1312793846018474065
361933821743988736
1170197462087114772
1404200303984906375
1304037114681364492
1373419761785897011
588117612207276033
1215332139973742623
1403736854582525992
917061206945169479
1392131747432366141
1215001973200519205
1471242180768170015
1336727860840370305
1278729866275197032
1218159248022835252
1349101585627877527
1392570776477241367
1217461626102350006
1340854512608350299
592986677258223637
1179777996006105118
1341844107366109397
1313565627272790027
1270540089407311914
1262967042080899154
1320382350240120926
1234192171008266311
1369723903366271026
1364768262017126431
1390053222059868241
1436918015760535556
918574351132008519
1342911904636473355
1302257965583040523
1436403611130396784
1280903298387284009
1474537909569847399
1034212914686603345
1062181827881750589
1147656317381640204
1003032294405197884
1400218914566443029
1279217636504371215
811055406444970046
871550335079039029
1413979239677689966
1401206236879261758
1269463873329827861
815741581008568382
1035681203099009143
1166144483197460511
1413671890559701052
1362621278791536721
1409701399104852058
1417743717019816068
1389325295902785536
885212460368429097
1401286382475018373
1336956504506499083
1166300980208480310
1413172604864430191
1358774687211061429
1402784328366297168
1412102088254820362
1199764121256722613
968267189155168277
492462816255541250
1433580871860092999
1013439453278245027
1368279494321766410
1441998255876603996
1402287394971062403
1198342628308156628
1497651013719691434
1464023048788119734
1416926279768346726
1419356670869377074
836915054774452234
1399002262113615912
1462105480288669928
1418711066212569129
1418455897264357426
793281412308271124
1187926424829579317
1411634460000124958
1393605655364894802
1350575090546249773
1325224711441092683
1296250622911447066
1096812321248116736
1459237294333624450
1100773068810506291
1319469888695308328
800433727062802462
740380807406813274
1334602119084380311
884651533646581831
539954974327701524
1388175378132111541
1209913000023031959
1383560381896593530
1410770791339135046
1094054574307950672
1329235969479676029
601137338566967315
1449955881340112990
470770866611945474
1463719928615141523
1460321822322069692
1362970176118587492
1247086523078152245
1097618579429535774
1419657829970743316
832312523452973117
988903678574477312
1320199091908513825
1369471911649874032
1294400583301595207
1232414348689805435
839509595038416896
1433135429887987916
1402648915131502724
1411848964281729127
1255676141826474015
765057003478974475
1041332905932238958
375458917926567947
1128803909809479802
1369882634179837972
1414123260303507519
1415540840184680478
1398626520309829732
751787573869019197
999347924452511864
1251236703843254325
1407377455295238285
1366460434277994611
1287103312277012602
1322761454604259339
1107475443143151677
1342647363428417671
1371275157703889000
1318776464128217162
986021769938890833
726864241663016982
1025951965445886074
1477777904564830431
1412438142564171919
1330342142287155223
1311688513099399189
1369270875546976266
1458847712308105310
1326642010991366214
1385607776063193098
1356751911499599996
1248255020751917072
1400285457576759316
1171180156233203764
1336408963909943308
926477877921316946
1398922781894246450
806672712075444245
1458478549533982739
1345541573928157206
650809801529491486
555561103661203467
890908897987153931
1382409027039793192
1236293216345788486
564072579195732006
471505573498585089
822097559916511262
1352096613988040797
1401267296172904611
373914436953440266
1418785905216589834
1423505712193208450
1333133046248898743
1106002266684657694
661042592917487620
1386480041168339014
1177052871943016549
1281710789329158283
1178299639166943334
1352568467840045106
1302378240685379688
1395822655202001068
1420863986118819974
1221465633791672443
1426337953709428758
976838044386746401
1200301864307142656
1314126878797463609
1195038551327391777
1397214158981959741
1416888241982017536
1199013590372462714
1214204424411553867
1299072776249937950
996992971629146234
1419140904383418458
1197248127682486412
1482707919966306419
1442698683979399262
1394104691909988446
1335973982855495752
1141024006200373400
989977793456640093
1139958429226635285
1003076183564501133
748702495156731914
715353356188516393
1277469230886944770
1399255598398308413
1392709384991146005
1423769188517806183
1464230888438108322
1284546954617028671
1408559554551222366
1316608900094496861
1383480344694493294
740592688167911465
911674135598473277
1345571912851525705
1258221435193790577
1258041225961799724
1415119699469144207
1192275421094498424
1392268849520574588
983913551460728872
1125281140517908541
1321987331649179679
1303068895703470121
1395569074603425914
1379183021575508019
1326731226538840178
1131241718793117828
627952608904216596
996550355565412412
1149403198944202843
1427858963655036952
1448879604797542410
1449238917101518991
1321539915057598511
1293053277033861183
1422614148080078878
1308459404219125882
916674402115010581
1295149803835101224
1399509255811240127
1368736691270975518
1396583228391034963
1424924683773677699
1364381657917952086
909929132526297088
1317254749434937375
1306443441407922196
1412181342938071161
1263711404465066035
1268280154208207093
1322704000667357186
1260018376751972447
1303033007057141810
1076210861481410631
1254290027769237655
1164481338334793802
1274838361085055030
1386161449621000266
1038127977659125793
1250627687446220882
1293207276751945838
1422731413077233777
1201001021082710076
1296478684873494565
1379571682582204572
1422344460280401956
1194431779138977803
1151541037391683696
1332805139093917753
1290730216444137506
1477129539720056852
1457590461081325692
1426245447294390392
1424170568395259987
1438271059790135366
1099950817349480498
1411807783489245206
1354143673729810556
1439078365767139359
1146105859529769061
1165966674332237835
1023338834194354286
981398413100855416
1378119817802022973
1007811260223598642
1253077748889550910
1377035148960464960
508665805555105793
1416131238120394782
449205556595392532
1118677122832146473
1241483985520033883
1324764102765187093
1441900926884511824
1390946167701110906
1398674823781285978
1340488002681442374
1383894207646666764
1391580278534963390
1258674595620454430
1458183123157123186
1125855178273333300
995030774472515725
1183979269433606265
1474467607238148147
1422436968117309440
1209924864534908951
1358519031686103050
1292465915996147854
1075950441738817628
1421683217064525844
1357757700078833847
1106319888076775525
1401691288390209608
1332134747626934292
994244842345468074
1121419605286596668
1170032463788122193
1338271268734111815
1241900335564587038
1268042989729615936
1236905366785364029
1383473348998074398
1330963498251063379
1242492714042392628
1392163182545473586
1279236309138931767
785914313260138558
1467524646751703221
1326666007514710016
1347637968852222105
1384678895558721628
1326558443393515583
1416216932163518576
1202390973024309315
1413281331433046026
1398516080896376955
1300777747899224107
841404906329866280
921887164181143583
1235755234861518931
1274833609034956958
1373442334082990151
1303046684607119451
1350579579231932490
1348814907239567461
1350121197588840538
1317677110550335601
1344120931433578496
1195510469537050628
812746387577110528
1262792345376784606
1181616705366134904
1188189822314090628
1469196554408558746
736677091143057459
1400260025041031409
1365884696239804537
671000235232854051
1248002204162592839
1447789813754495058
1373818115301052497
1239033037178798110
1353390555442319522
1442612298500931715
1433611924888748123
1377034357725728788
1304968703418568776
1128881549232832652
1388922891029975173
812861426732892192
1339722594458537997
1271491136858361921
1449873165907001355
1393922767174500413
1424924515049144420
1257368281699061854
1431795158680342601
1240364809850191952
954846562532610159
1105502045554876486
1225590598099144848
1166144975231266866
1473921455841345689
1084658884121198642
1428065322300084265
1390207526825623562
1403004518844858651
1493415169051852882
1486381672823001108
1217933250471788688
1398732236051714082
1249536725827719212
1346543877770711060
1309974374325157990
1479258885117317253
1359558089363423503
996582871416438824
859202596694392842
1202637910466240566
1483074037348307196
1423363199767674880
1371148243722834090
1159694196391804958
1414070671767506944
1230939912719827015
1339677818426232933
1160798585345019924
761196047115878430
1457366924718637177
732355057881841745
1356329622165262530
1339680253970219050
1300441056407584768
1374563382828466196
1328357396367544424
1037754197640224828
1430532426832154745
1465800102361829436
1057661779523665950
1346514454816493569
1271926204248887296
1408425505035915317
1421289041491394652
1415039503080624200
1196132682573303809
1113974350123634729
1388994173121597464
1037488168733249627
525454592029491220
1334046273078300736
1159910122479435777
1310045264706273438
1414661167674163421
658022020289789977
1099061068753539216
1477351616855277751
1255557379391623348
1244834964412039249
836718349839761448
1198344045177610320
1370919479399153880
1327389345149227021
1130540549716328529
1418923021141278773
1103823211864522813
1083065592065568858
1129846110043783168
1136325447525867530
1349470220397318154
744666851447144519
1083555406514757632
1456831344637247669
1420152630570651759
1371650640266133624
1412320245749645323
1419350148017819789
788489673546268722
1412996580511977503
1090030589853311037
1495095478826569788
1168226006428041268
1071149051967447081
1210668903903268944
1337149538850308129
1419351253577760960
1272660108861509795
1411173665537654934
1400916574701092967
1278357277501554749
1422021911881453638
1439002535825248400
843953251014410240
1438500921507184660
1014654613770748006
1244354274499100672
1302631231300833310
1225882349821231167
1421997510867681392
1274439894306918477
1319357242004471832
1397688180827750410
1400609009123328033
1326309770088415342
1134445059287293993
1406269847326818387
1268982182018420867
1275928749392658444
1204945078779650131
1408162678593028190
1324381614033076305
1344555797987725397
1387194727878758461
1017502216719958087
1406039974238748832
1240435047958581380
1324213646607253567
1164000556474449942
1420122728798748733
1316552238700691558
785278457806192662
1361512949126004847
1228437260689735854
1419619213550817280
1340884103586644079
1199765781840412815
1268435463828406283
1238949093032857650
995422252722028587
688893235065520272
1289958607995146420
1361925108574195833
1424100863043178547
1164622833746452503
1385320761400496129
1184506421677674578
1455866850478002187
1345152106675572930
1321614124719018046
1394699661608226989
913587140632408125
1328741259958943870
1185305613920636989
1329164469741420627
629048525988298797
1278519687021465727
1151717992607006760
883948715474305044
1462504903241896299
1081607878802145410
1410471182133760071
1249804593773281380
1334180496308965498
1442904602541297675
929112719427252276
1429196849780232397
1328924912961847311
980848625347346483
1393539297411469343
1234896120828919899
1410025022776410294
1421184564323160078
1338935408242856037
1280104403898208296
998276992665407498
1414418991707066439
1420160449873182761
1391574815764381706
1441992620665737226
1389790915521941515
1365551150912376866
1010330589288726619
1424448033273155606
1195513443105644707
1384532441162715176
1414731451999715348
1466591123165151455
1317215088188588123
1314978612193136702
1014641783428358194
1306963418120458254
1246899268187324469
1280254528427528306
1215138437255139398
1329909808748302368
1460718923094823194
1388123254060748911
1472039889221586975
764888257741193236
1199387959309385809
1424553833660551178
877954311345274900
1366894925999902848
1402400139666133105
1268579981156552787
1220718687678627922
1455210618608029811
1300872993215352865
1379150501245095966
1174433456265121842
1308654499824402504
1117596101726449676
1406741216741032069
1057111750492831804
1127045743576891532
1399179368038928545
1312409052474642434
1194414868720259112
1418011680289456228
1055663508966092860
1441069997823889480
1458196471689117801
1235027716701556746
669153253224742942
1291769323169382492
1288561129701769246
1495779691959947378
1406998693374197860
1441550227998773372
1314378240961548289
1364005887840358410
714260659415679078
871919804112597042
748669012635942925
1357451308646531285
1253472998263099484
1394898326998089898
1399845667131883640
1415786736637710366
1124500295070781541
1064708898424107018
1348077581131317301
1114309445242069002
1059141253683482676
1328850853464903790
957710844068765706
1357842335274238004
901926922915827733
861352466855886888
1372388073647771731
999820423011242065
1436923113907552428
1116475756705497201
666072760786747430
832812882138890271
1098242453175283813
1454894302533652542
751612407587143720
986313281738268732
1167840046590742538
678284696358223902
1048733971669860452
574947922790055947
1300616810520903764
1145020996827500614
1236059681148112996
1250110150874759200
1393431949246464103
1275466650799308853
1098745718564454461
1332699721373978767
1357426534247305289
976981248947912735
1495860695642800188
1496944790682730660
1392618603139956747
815634958784659466
1371636684260905090
1204580324038803513
933767668778029126
1176946631199957145
1299452698894143488
1347990044463333437
1357915067433091105
1391949831978877020
756142783793987764
1066063663917715537
1395067066658324690
952987778000502784
1408560451230367845
1421586866301440072
1400918101200998490
1045327401950912582
1416892804726263848
1406013963510222928
1312553874552389653
1260594103276802131
1359203956861174051
910910341989400686
1358779643964162258
1409931357848731829
1147913205776142378
1037035455776043078
1196629540450095194
1399515471186755644
1319073501147168838
1325626932414648442
1425652122858422404
1327198822434340906
1452104550478774427
1225466580373340241
1399399768169381963
1212423590981673012
645395896858837013
1256550979088945213
1000326734249463828
1460312055704846376
1110346350786248834
1381667650064748664
1392569122373632154
1336584770074837042
1393438355957743728
1388264339299106969
1319503424680624191
1395110975912284260
1392818705225875457
1213246064946323486
1336759830899195947
1310562797373095957
1335067720496185377
1116051886462738494
1267496801590837349
1449606822422909069
1382830581410430976
787040647710244966
1334306482635673663
1330191333909991526
1258168465681022978
1260674546176888984
1139005322414014575
1325122373699108964
1346567273883898030
1097895897314119713
1261871537653289035
1352377080922374229
1267235149725040730
1192509631793205269
1240408813308219553
1220532354683113525
1437552006683431025
885601818506301472
1160551839301894166
1177182525035122713
1197632641340559382
999896134313066557
1186500390590615562
1498434776049385666
1124340401613058230
806867066380222466
753029892257349715
1419138660904992933
1402673816643178557
1420343980679368756
1222751663916318822
905256808468328469
1296894215938113601
1397577923850010776
960390838406496258
1398042961861804173
1345443213271502974
717495054263910420
1330714009694896210
1282052521375830036
1475929349076287518
1424211362221129728
1396989998066044968
1300715329722515478
754737286091898911
1466274877718663374
1077554033218289755
1383954593758711949
1141809521279389756
1388123328736264233
1034564729487765596
1324423741895217244
1427079451396800542
1131288562717962290
1262756185350869002
1164913220750938116
1419694024885014641
1352464972394921984
629832678702710784
1408093814392098996
1466144818051678260
1397282685206007930
1413986770860638309
1271260366088962091
1243921746734874648
1259685021875441684
1417226994692788395
1401067140869525534
1412273514786062477
1418774168715137177
1373399351367303309
995046018611687556
1093342533075075142
1306307571958812788
1287829524695744598
1426911188524077138
1378505630695948378
1140119457335885824
1417539417056219167
1299787354445451365
1327378661241913479
1401386618530824313
1272214502225612813
1387514441163083956
1364326054982062130
1078684683338002522
1387882728069922912
1394670867509678203
1206420604962472036
1423794571795632230
1325620386200686718
1390085301782970408
1421360012814585897
1405391009390526634
1255004840493318245
1463233051176861696
962033360706887730
1395437505981059207
1396236616485310660
1394817117525905528
1045866458598604900
1395537024861343835
1380192268841128037
1405752593786994698
1384873619125047417
493582943458033664
864252432447569941
494338033613537280
1353477646285017309
1309570237057990788
1287432718782566462
1075593710533877860
1415451656480493710
1481611789937676509
723559504763027536
1250639095978524705
1459623904997019946
774342951802896424
1362959431045746710
1350811394882273400
1438236666979418316
1079470103470538772
1015267261075963954
1293887314677993488
1220378468852830258
1216518882555203634
996543396288143452
1406613524343427123
616823024590782464
1396954255985999904
1408417401837588500
895706806775611464
1420439107875770368
1342548253224341675
1437116319228104734
1280238534770426050
1499873245867020426
1392184910579765400
644683450804207616
953671176457166870
1327691167399415811
1174506347086237847
1370925127872544889
492498906366869504
1341866161297555486
1217267219801571499
1409959468292374609
1057808615890755615
1288278712747425925
1230993303584116899
758988844325797889
1398531850682761216
1399841129641545869
964892339388702720
1275147345226502237
1363915920715681923
1129929373374496779
730097826528493579
1411866527682003045
900427272400551946
1133093504885719171
854067592846901298
1304425732612816937
1442859191487303722
1427448117145370735
1310060976653209614
844267870049534022
1444377735408386089
1424374291927142511
1043625329866055763
1165036438740537429
1344653890016251904
1404525143715352586
1414412042668081252
989172524925481000
1203849258478997587
1399416492428361789
1407808067537600763
1321642279647055893
946598277732777996
1405613422527254528
1189608676760244396
1266826585928106014
1293745186693844993
1235217206342848512
1282727925010923534
1432795768611143822
1057089064744009759
1328425345216413738
1418237485141590066
786268726004547594
1307293596705361920
1388332928135594035
1356020618193272862
1075203147951255642
1356364070466490408
1183636060127895552
1340116743477268590
816810449643110440
1486532186181075005
1377044549897158786
1360576418832187394
1456734500360032492
1379527215863300096
1184284568400965702
1079076278017212426
1123771696097280040
966149901220196352
1421269470189588540
1336352949957558313
1481126453226639382
1064371910621806592
1291420822170239130
1394033431209574450
1296532980407337081
1163798191070793788
1308883412710588470
922188475049070603
787420393203171348
1319389633582469183
1358603301825937458
807278880510836766
843215565274742795
1389122159552757842
1215289648172109874
816821627789508608
929158785954644029
1136310213536919603
975931315914412102
1375912911289061426
1381982984126730273
1348771365544657081
795460655133884446
1296305948289400882
1401246975948623924
1323916005168255008
973444778370953257
1463004164652007525
1129198287086428300
1240778744939937924
1378167529633091637
1405987165208318044
1369141552340799568
1090105607115251762
1343748980613316670
1003428238523117571
821520355947577394
1199163299640651796
1168972681870327919
1447321435352727612
1399858993324883999
1413184802982596749
1419104102406688901
1410691214122029140
1324067998528573460
1425244027741143080
1415689667260452954
906981185559863307
1393380598172880898
1385848341887188994
1251507499237113941
1390793421467422901
1088187224069247147
687757439562547236
1104392685395116102
1356438348864032872
1376207910845288518
1436873422000099340
934885385828446219
432049162318774282
1472639723930648587
1356973068836405363
431057600642154497
1408946886366466129
1415024987185873108
766455728361177109
1437208806902992927
1398144227258400829
1210976766911320094
1408490492500512789
995854166385766430
1122668935200911470
949439573434454016
1457903297490063467
1394856671670571009
1494777974950465581
1447655201094762627
1396203240500236381
1199410336453894146
1312783317480902764
1379858072113119322
976979038180634665
1446671425221034097
1392508736240750632
861040380946415666
1332817370183372923
980867702971334656
813180246136324126
673865293403127841
1335630477092192409
1238566202725371957
1370224538410815568
1387147822800965733
963223133660266576
635568510520655872
1199113513570943046
1430742429291511871
1361378279524667555
1398278538867642451
719640130201190412
1293029524564611158
1394892623390445628
1452063988039942386
1429167800047636654
615734927979184128
1409245647588032584
1399476383960400006
1061717347594932276
1395093309927588003
1244449801899085825
1330490126186319976
1052255843653001256
1022308168698699827
1360067865608327329
1440777779296862240
1164710025672003617
1197433894945947818
1412107760832876625
1274490908666232995
1295563001662930955
1163544600552673311
1400596539302346874
1355358081084821696
1116405650549919755
1352057691392180225
1182004287878991966
942332604634497084
1321957801605595259
1464408815112818830
1398763363252572173
1384147280130478190
1316188332946096205
1017543441095327907
1159694718888841237
1196584173469716592
1348440486473498655
1358154862361055455
1366896021090865283
1442200426605969511
1414842972272595067
911085048546070539
1398733437497639094
1341713083592081462
1408544725367128157
1385016992783798454
1301717632390795366
1398435100873723935
1396750304988626974
1333916226069463130
1194287173453750422
1322636060605284436
1457509027595686064
941373670750826572
1391777441260900494
1367203864188686446
1416942431454363743
1307158490116132876
1266449642791501936
1316012271750742057
1320736329583034390
1076903828189892658
1406086978629275661
1160011769381666826
1387386553860362330
1394783284348715019
1373310329244876993
1081943679649992854
1403527091634311253
1310246002199892041
1423394507432530196
1108246877599694870
1399930554408763443
1357669041300570123
1443205643485052960
1443214582637264916
1436483252109181181
1342580500044320838
1313657459692404806
1356311338850324692
1447271765708636161
1406263415433072764
874131227337179197
956697369469140993
1465379862486450426
1314381592277418015
1427102711127474267
1277061269131886732
1120529525755875419
1303879413791854652
1412746740372734028
1425783341357207683
1435315315520045071
1412927573096403099
866464059708407828
1299418858666459259
1226261121237909585
1211063972183412827
1057110887208591430
1209613398082588734
1346224531517345824
1407403081548955770
1298662208913543274
1411038456947146904
1489655784185921598
1401958380750376980
1467059279369601110
1443179033226645617
1195078948107853904
1196125409255882787
506959727843082241
1395920085985788095
1247950098667933917
775799393272987668
1396917052194685030
1178877716704006194
1421905082265374840
1477700922292306113
1449830474343121066
1467647136458866970
1464982250767646883
1020800353438007387
1318989789919314032
1389818291626971288
1399202063476592791
1343944432583577690
1215076106533863465
1320929594643320854
1263620363867132014
1399103256214376660
1480197529407590431
1114168740213428264
852225497197707304
1340468525315395646
1321999999390711889
723314077232791623
1290824719083241473
1399162005562200167
1234965592226660552
1394443353130799226
963455410285715476
1397170737206268055
1152439704067780608
946551550887731211
1282508960372494410
1002234311518462033
1311837373470085190
1408703070006808659
1266816943911080048
1408875810852438228
1235028589716574241
1388240992443961366
1243392139363090545
1108828312815542313
1308483789336608899
1400703934372384778
1374509320401588258
1380889418407088128
1385745871248818306
1224713525310525443
1266619186101227590
1451957373819424910
1346485679475003444
1381691999135993886
760302666202087454
1497764383542087720
1418278548892025058
1399424476638220350
1316520796092498010
1273027803578896485
1000496404524961812
1390389594629083278
906190000796868668
1300579369349152809
1163216242820268134
1178010517445550130
1394046408906117294
1040748719559168090
1304271477968998400
1382745660826062910
1199792399350779911
1458983346825592968
1116887743973310564
1402852610653950093
1292749140727435265
953042737295405056
1240393472721031301
1110235599983607921
1333255840257278024
1213628745378824265
1422640534668710089
1164272578039394376
1191438101877358682
1408951453971648535
1259301593283825714
1415388112112324698
1450287330500808857
1302796715950342198
1167832657309220965
1333942490470027337
775413340058943498
807923785772302347
1067453412163211274
607329357362495521
1388705202395152534
1105179134705012736
1393789746118918154
1393385215954518026
523590502625574922
1180283953106653185
1329132452433629267
1416829376326275178
1042193413392580689
1411508266067955783
1177705094003822682
1386341789371469936
994191941472374816
1356109292545249280
1136043015585140846
1318902167611899915
1071542154884817036
951213524074512404
1409354750285316300
1412863432327434260
1291560124971749389
1285975591035867216
1160615408643096597
1200756228213723167
832667794943508510
904665864064884737
937005155017187368
1257394461089202236
1308965867706519594
1218633999321399388
945132505026150452
1232704262480330773
1201331175650767071
1336211225314594889
1379785725712666675
765965903870951464
1390913310513299538
1358125171155664957
1425968107331256534
1116578358839480380
768896832339836928
1399101635715928191
1407772562405986457
1180245424750215174
1366140707051405383
1350531922014769223
793544029329424424
1399196803865510041
1186670507416883291
1322049991073861707
1464316257166954566
1390779675596554363
901569671231320084
1411121292328829108
1211024045441683480
1303432695551885436
932743700210126858
1268707570118557780
886713258034216961
1463310382998229045
1419438635509481532
1379621084516843603
1395379645561438288
1285656781842026496
760990030159151114
1307130161644310639
1375295597908856864
1398038249305538830
1337243426822946866
1206592150473547776
1462122570097889331
974460013944926279
1126588017197453374
1403535938143125647
1425004003439280179
1426572261267083314
1255272338023518340
1060683378111811664
1319710005108146270
1078121809477648485
1480337538152660995
1005193609970204702
1481746415196831894
1482473389586124920
995135680302829698
1238989693631074334
1308959603882594314
1320465422994243655
1231421028199038977
1289702217410154557
741474475014356992
1355949469124002073
1468457738051784860
1291843498244571160
1311863954024304691
1378481393805299752
978002068755349515
1376721504607277186
1393973691116949508
1390817816898179243
1393742281470644245
1488319086608912527
1395939744877121570
1147155605287620639
1368794036374212639
1224597842426073100
1319369320496631928
1276669340787277891
1487554315001401487
1410120694565572629
1311728635362676772
1175233285056626719
1304171192361680989
1243923417581883417
715340626119360613
862832841430532117
999838348426363031
1305179720425668722
1380271668936704052
1363187814262509758
1128469467870007297
1329250535127257130
1148808993465188474
1180482040676757504
1396152324958978170
788419358249844748
1355755225528406069
1224184970377953365
1220542861951504449
1030659226428788796
1329042531773710407
1461437023045812360
1260080909705809970
1226974993921871924
951275752588984350
1230297703674679327
958004978289623091
1160386228563218503
846452483147956314
1407864821860405430
1372928734205841482
1485793644857262090
1165330559849996308
1256481345572700252
1300219399780831274
746529515194417192
974018310997962783
518899639206936597
1375949101140803656
1443645115318141080
1400511555166277762
1417850124704419984
1413345694630285382
846084324612505601
1362110942900654203
1444526268644200600
1424402275908059240
713716444918972467
1385696958504501319
1070028078136426569
1177300160188010571
1098665158269730867
1055923058122170461
1058420925210574858
1286554888263831603
1434932668092645418
1423814884201861250
1395039725269549107
1221536807066271838
1395072346368376976
1409271910642225182
1036809110718533723
1428108509504995370
933736505275457607
1377051868366241822
1403107600316502037
760231982885240883
1382756989528178799
1321566395137265704
1296502404690350141
1352493876304154666
1401655894282076291
1300914739919978589
1370793575725666454
874604360351486022
1128721547796942889
970083332358537257
1402700981241647236
411312636190523393
1259821352391671808
762361853119561749
1018542498991329401
1408169360740323359
1454456506966610022
1015245800462356530
937879056333045892
1132435156360233072
1416921367940562986
1288604625041362985
1307698566000541706
1298459858227433472
1296969711392784485
1403890620006662194
1172710084409835520
1478516627355078902
1028726013569552464
1266095636739002519
1147657523961274419
1113866797746229250
1183615202328051743
1172659195955400725
1142431115513184276
1406639156578484276
1321213861717610636
1089296240874893382
1087161646285328384
1307794825055174657
1062883603354226708
1374566198783639583
1171097096829546576
789958270114725909
1321631455587340312
1308972344785502331
1393589738958618645
1435092020493549719
1241388579268071554
1333925995333287979
1388744549756702821
1013109454264352808
1208770941493186560
598309888418119690
1139336968405258320
1465078312023097622
1394876985854918738
1351677086267342970
1288258130484133908
1353845312170623078
1310431565905526825
1384331777769734309
1299785416588791818
1258452917900279850
1296930797068095601
1320412692162285611
758778586152435752
1334879397869781002
1220024066652635308
1241808031554211850
992912269132431360
1338850337930477651
1240453001492299797
1136587344384892988
1308564092877017171
1237089269965918248
1332380863920345191
1345074778830147625
1299512761746849826
1235434903177396297
1406259754128642161
1464393370662338745
1354776483599487028
1406402997445197915
1403896922976293015
1191935885487374341
1351714496829198418
1489482148204511463
1364348885631500451
1050348847622271007
1232727514510524539
1424270431485165658
1343046704865480744
1406214475794878545
1334145273831755859
1325647633494315109
1249931387348189229
1389374128116469900
1406255844219293837
1247696710973526086
1373079238499897475
1397018946883817492
723953995911004191
1266784955283800086
1252602154288418907
1466411737246072885
1411419464905261076
1401008432248651930
1008880521071312957
1228816889900437546
1298724258557464696
1433253663404720188
1320328277226815581
1416254836646609027
1360009693031829524
1051307710727069797
843666575667363910
1391849509935386836
1411068121313316926
1392676306147344474
1377742536134889573
1375803887663190079
1395831597403738223
1116464896754843670
1322694139216789596
991068701358964807
1307977515226103808
1257522987238953052
1238197634972385330
1253747828430209077
1359587783844565162
1323711979440963594
1435617869621760091
1309305058655207557
1259195793638953074
1320409242833915975
1288942280379465842
1437543896212176998
1401027431493537873
1333835010456813641
1393290059142267021
1390839472643506442
1346856845729333364
1431028130247868446
924053390340812871
953035339759484969
1394448659952697356
1398510471774081136
1320100361343598642
1401600919300210768
1383248368632860762
1254954292897513544
1296999645012299846
1399221209538760835
1412391979052171284
1320259186247864333
984536474076729354
1065065045467349103
714868854832103504
1178078618258247741
1328823091970707559
1426184776515190854
1285233153270743162
1315484994445115423
1409613138558582986
1289733836854399118
1394123136584384602
1187791701205598239
1409720995639464097
1083881747378360451
1262567383491412019
1430015958252126302
1304622567788777563
968961096176267314
1402801827858350143
1317888753884201050
1402312261464363190
1412167693913686036
1365106467861958752
1408222274288488488
1439592661412483233
782674507570872381
1404695310856622120
1152282356896514179
1441366174146363504
1455337541497524401
773257156936859678
1071371475682078772
1219676612392386643
1404126166163525652
1280629328245424128
1340747989064618126
1448392549646598156
1155202228274081873
1182471777453088798
1393271833217994762
1167623407194615818
650367647338201089
1439641577281556482
1306002791520665721
1493280374061531248
1388690703999045683
718933456561635378
1397248960783192216
1313470776095146016
896823121921851412
1403396916619776083
1199508357258686505
1353789264814673933
1313491343187640322
1192911284509888554
1096918068397097001
1002773365829935114
1196164513041490050
741768773698060390
1163003865696833546
1228740622081589268
1399831044362080306
1256713289417621567
726919931194507315
1326630726593941597
1331444594973606031
1040772957619896351
1353542298624987269
1367596921899974757
1424383510411739157
1411521119453708428
1394202661347131392
1293746082467287071
1389784876638535781
987400565527040010
1374457624828969102
1330978775416176641
965055674595827802
1225542344808599646
1338633675482337350
1118582046181294100
1418364167047352391
1339715640100917352
1349809646180765780
1490121756403437740
1497026517165936640
1274776860177203253
1293415718490083379
1177987828999786580
741297215901007924
1254118317833191466
1329244542699831363
1210531910447534084
1457927084650401893
1371267003020611625
1381267654601474230
1242830751469404291
1399052502237712464
1370770747634745525
1133075719736524813
1319100777385693185
1446737084416135259
1414392230659096686
1397181402277089414
1253470453779927104
1436510575504003172
1231435283719782450
1387251950608715877
1327061329802170456
1376311238082170942
954818712328863815
1257366130113253488
1382041967038566481
1023549589707571222
1094381233447915590
1471108725204062272
1414755493070770247
1262550527816892418
1403513656645521458
1240810568840122388
1370406590553001985
1328747826930516079
1155308045312725022
1363231670827876453
1358175964638613514
1403108657360539769
1436155092448575539
1481431202874396934
1393228724199231681
846042702800879637
1477106908878864577
1386171589485137991
1404489509835640962
1372595119576056011
1488968566450425877
1470793782931882300
1033405423807643709
1249495014481072181
1277217562136019004
1311758289809309819
1319030729807495328
1299519767044161637
1309462773859614761
1204809649665089546
1402910776309846099
934233738974478356
938283581472645180
1491264416585482285
1449503545752682509
1453096044027052033
1397258657598537769
997284696494964747
1282200290573029380
1108907555763257425
1246276646948835350
1306308344637689870
1414006385150132345
1397967493271650334
1241539980526882816
1063543893053943979
1371982224223768586
862014482514837527
1251595508460290118
1400475237061230713
1184886213778362480
1180004599311118346
1458860947178524855
1387056233806299198
1261165456371224639
1451729353598570646
1275637226008612937
1470634104637886525
1395935809139380372
1398916420049305712
1451393489035333755
1065732576242843850
1214768492545318992
1406047154031558828
1251150695046971437
1395039360612700321
1181649229144399966
1419192043561025596
1266160299094966342
1394450136393846786
934045701854335016
1351335438916390912
1352046354893111306
1432378532176335001
1403803833334759609
594990174635687957
1483906406686916691
1303148126047305851
1257448307882590290
1407752983269081301
1401316641899286581
1438732718987804672
1399089355330555994
1375860044083630081
1413003380321685504
1397700915829542942
1235657160160055386
1366852058027659334
1333172858788118528
1215369752709431420
1175223503134396486
1463344472967348396
1310268867167125615
1390891326719004754
1381067180308828231
564901146603421707
1368662197340868758
1396934175172591767
1402447284167250021
1133906076702613585
857703582231822386
1366188915828195409
1332682220024107153
1390715834921517199
1166510589380677662
1378765598233989133
1322636570020413531
1402133233474473998
1403149599539069160
1370054623657984000
637124344379867147
1407145794850783302
746412646844334121
999024068248490036
1159201720358928517
1076153756145688710
1167853549875634186
1440016042268168202
1318948987843252268
1313330994698256395
827722410711187476
1220637951961071686
1323970407501533205
1394443882044850257
1247442230076248089
913143016028512267
980303829700608000
634271773055123456
1071167800716038286
1399267092905197598
1385715132545368205
1489455259259637821
1344754952442089552
1306393068114673699
1380638672893771886
1171558147111010516
1440883834416664596
1378492780028100791
1134109909231882351
1297412710656507905
816415852920438835
1234550693520478209
1256033816829755497
1265722847725223988
1232379226938806334
1345171089860595865
1296518020214165536
735556587132813354
1398489384768241814
1403143864767877311
646529578730389526
766561216553418783
1397031889663168512
692424212664549456
685914848462110789
1411581792967725056
949430071742042132
1360728077172473876
1074133946180321300
973368165293768730
1216531315244007495
1305332664529588236
1223103405170626600
1483644191161585675
1394126561971666995
1495018837454753802
1171450077261340733
1442021251827630100
799333042455314442
1423358605746503700
1248655431199621131
1351444679073206293
1394407365473992774
1375615436363792566
1292629059481894963
1346540107204661271
1277701959993790514
1356614951061422100
1373400179872632832
1249088387139371030
1262221547645566997
1217117391784382599
1279128454314590240
1322207584668880970
1417656986463633451
1494475324983869621
1201944209884725330
1422173189789974650
1323447370725199974
1398307957313114203
848647434708320277
1433877110623043707
824418406651396108
727957557460860979
1307593738968629358
1086644461406273536
1003467046685769839
1226215922566430771
1270161835848634444
1257832118512521310
1418752389435097128
1360637938974593295
1269684912861216890
1348078451134828645
1433885130212245525
1040067700677947493
1444519199375364168
899707010893885490
1019765171935264829
1379565935182217236
1219741199154286704
1400194207565746248
516170343518437397
1320519054359924786
1482054928636579892
1204896365097001024
1230961322288611448
1436343422289186858
1308269261101338665
1072228273360216085
1184780471658352661
1369893503391498303
1289619705270632622
1100358036566065242
1297294169835835462
1369236767537893386
1340125617051406346
982433951765377044
980198508550316113
965687942733496440
815346316049514507
1008972862457139251
1026590227952840834
930173641168150588
1352944625651945532
1323380867619487855
931158700754870343
673950580791574539
1288214025842200727
1320831969340293194
1488881928256884778
1353910781678194772
822210662322405486
1287474300743585794
1395169695937859697
1279252307426410576
779569573674221568
1402675612547682304
1493436677513941112
1458519772001079526
1254287304164642908
1227333453612056668
1157071948426256574
1349556226014449745
1042488956480143451
1204961295334506537
1176275338645475371
619834924626870292
1198081257293230182
1256267511322906696
952316313919971371
1362253219690053706
1102239194199367730
1209824354452639745
1332197553948852256
1396526429834842172
1311369775976546444
1333483002583584853
961298670316290068
1395010512609349645
1321080586097528924
1359176861724184777
1256280208466640967
1371783969301069854
1134554637651935232
1220884574540796095
1173362597333045258
1493056795059556352
447216642410151957
1461408619445747844
1441102224032927923
1252774962427592715
1495078965931540653
1485440292508143617
1365056583821824020
1323005486374846566
921952755122339861
1486115679999623270
1395540088209014927
1405341396113817733
1355950737795973201
1383231064042115274
1452162826444476456
1313704568407986198
1010244951365386401
1261157684720439385
1409344354564309093
1491890166367781007
1256449892117643355
1356700962483343470
1407645219767451748
1405723035922862162
1279153703986921556
1396885735037997198
1286820703688986696
1402310411914838036
812068909725253704
1200820602353766410
1177714232398200913
1365476420566122506
1380961578962129090
1371274759157055599
1427654292395004065
1395978354846597270
1280831666964791410
1092834023488901150
1140797488492728491
1425607038310023188
1060281839492808836
1140829952162418738
1337888385368461385
996899360359067738
1243601957722263653
1199332363633705051
1421330876515487846
1349245838722990224
1402835778387836989
1324909793189560421
1454283200724603025
1182074744091193354
966997079509581887
1008891936003866766
1435106312772915220
1400976288184926319
1380025164867047525
1392162855729758420
481975303531659295
1073992148480966757
1246502614179516615
466047419507933186
1292855150905528393
1310258187252793438
1253381864517800119
787305948972449805
1309227904621875221
1342989644228333569
1372900259776303114
1255169805149929646
1310647528680591510
1441166291598704681
1224095421081849969
881652891788656712
1079122400186224681
1447959650216575101
1409748706315468921
1319034777818370112
920762152707555429
1179263594492338240
1175204080864481281
1290376512830308382
1431815043154182215
1436843947120132197
1077740459515985970
1350174776865591326
1300512265526837269
1322912673012256854
1357838745185030224
1421950410142515281
1200954884296544306
918671891978399776
1397602229749547100
1091084555060007034
1132734114454323413
1063463631766945873
1122999964323287192
985575076722253904
1455690867569328243
1295078037959999550
905233462762537031
1381599839841812520
1420165041822367865
1282050466053885996
1261122109103542273
1253171500366827573
1316082634295611393
1425921233601433743
1403149666593542215
984095436975505429
1304877003538825348
1340451717120131112
1222355350750236685
992200946190913636
1447727947480826022
1078086301187842098
1181622438048575519
1394683897182294077
1438689080777900032
1408656088118591649
1408630728618541127
1298709275476230215
1353103879541100606
746531107419455490
1379240271430287524
1134960878702301335
1398354911531368458
1323744936969113621
1428600148686143608
1462492931209560325
1392645568387616879
1191507036677079147
1378535968205832253
1290860361565868170
1296108749785923586
1296580954415960146
1358483599434973285
1434313891403530292
1384311499778166795
1240762716088700953
1194320518136991824
1058165927025328198
446807541284864011
1407750218153328731
1407545284636049449
1223792577388613769
1348283846738710589
1460410754858746136
1420359217751134262
1374783080463859763
1323726441799618612
1318835014682673213
1426720225604272199
1248305255364562979
909879436227256360
1345892775303974945
1266900383553290365
1392900059699482714
1452443520001507339
1315014398502502494
1463999736297296027
1451581601258672269
1301301375874891886
1466034060236161117
1192463315482447925
1395225598531600434
1411750957997363282
1437200294256574565
1466472734786715751
611329410800549888
1403444445248229558
1409309589698248716
1334195086690615388
1418991508383727718
1415478394761642110
1299715086599852092
1254547844233166923
759166230748856350
1278112424280588340
920791331775840338
1370785305061228677
1376358109748002961
1205559458399518804
1408106937190453420
1410277184660045938
1265452970955505665
1405010508070781019
1277426607061205066
839589518834925578
1375438811617689780
1416782913072140520
1013178431514615829
1384852754287169608
1358847241208594495
1286050844244054066
1225185772601085984
1397331859419173059
1372870272994115687
1199758006649360385
1486025206601351258
1400992810508877835
1398026002277466174
1416216498438930517
1413733205021954129
1244800235109224481
714916383351373876
1397979844146368612
1407761738774089820
1340402241823178853
1394814509410943190
1495427828752060457
1087381537294659624
1003744640819798097
1323752836194111528
1486127238851334248
1272008917232124029
822197660739043360
1384234227838484573
1332447455916326993
653272592702111804
1213978410397995049
1366227192526274682
1332040228197896193
1407700907650711613
1469870511189266626
920745557813755904
1166733273670627471
1393749569032028220
1421691738946273353
1342498461630861334
1316763111944097885
1099844504992878682
710251433769042022
1384561649192538338
1011679526570426508
1388124278901313658
1399211139711107155
1442030481464889417
1102127903677882368
969969013646065694
1395286310578556948
1278462265095618664
1008630436920037456
1395563307951325226
1179553003934589014
1104253472116834375
1204607067235684412
1274904589199605824
1307752960846991484
1209639983007146027
1478783537577721901
1041553271053103135
1150193352369778698
1319858557818109962
1463313510367891592
1028334192918007858
1229816796668891247
1333661198339543063
1040080604886208594
1426891020288655420
1398074180460740609
1376985444583215167
1331201997096878091
1448819802024972412
1338276207837450352
1319890866688495649
1334982761701965895
962178410816372828
1479254047906074737
1288479199753146442
1450152189728260178
1404643412803715176
1381670782001746061
1359732864022872064
1401764018242453576
1397004481798996001
1312299973450399755
1303116892311126060
1302995697335013427
1416541805683671155
1218317794991669359
1397579133059338457
1424794470771200190
1344722983993741394
1400214504423424221
1049475779592986684
1390958686368825375
1372748346862862336
1355663672034201821
1257407092185239633
1439736261979013141
1245347989841510432
769204164361846855
1308901724106522694
1109296570110853120
1400975325508272131
1354936319939317800
1390098151309971546
1469069767028506696
1297592591038152846
1413327865218601030
1439367638303248395
1389260214645162106
1389101756482457610
1392867629940867183
1389574199164670072
1183816412985299006
1418075359936778311
1423854655712264293
1298783270187831317
1302760930920104030
1399212041209909348
1472250100062621696
1409682151154257983
1408229239362162742
1280297412484796588
1288254917232037888
1144767396947689492
1400180703282466928
1321112852886716556
1338825032805257251
1256348584404844719
1318268387628945530
1393369874528473190
1371526678689615902
1130564033804767395
1325031012295643172
1487459726668202035
1465951977899819124
1394823314895147190
1422027313003892897
1430021076083146906
1462839863840866472
1417242871790174209
1317357755316830209
1486148454395936889
1500952307083382815
1358234083125366984
797179120324444211
1419493202867785770
988963415693353010
1425664088553422939
1361697051037008262
371324109310787594
1379600720059174983
1357814871261188229
1316100636030271590
919709510006898809
1385361379413725206
798740225034682410
766223908973969428
1348096557307662356
1435726139221086385
1438366195521949779
1453113466025017429
1292099492828545055
822183046014959657
1179115154055626874
1402051263574577183
1389836019301482618
1386305846845116577
1233907512319934599
733514217457582092
1489491910056743002
1394944686866694267
1408172279015280650
1353048985115300000
1427368999016075494
1319135507569180718
1316063782849482813
1378170036652609753
1453867177840218202
1199755358986588160
1467259676050722939
1309240873703440386
1174137683761709090
1072025038598975498
1404955204872573038
1398678188615274596
934478211373494302
1327705334319419458
1108172113669529731
1370128334771589181
1006592519791980656
1394732789882032208
1419182379989205003
1397334902625796126
1325528170207776903
1420973824416940135
1405919699090407445
1320463839376048248
1426692356245295266
1274875523075412009
1458067240468348978
1409183657243050115
1490242180118478989
1456971047260651591
1416047529421836451
1311794862718193764
1374392413287747586
1441150397044752416
1323748614496981032
934998011430469632
1341138682677035113
1436062561249394905
700822271530369075
653597992523268116
834786072520032276
1058732247513043024
1481831272899936418
1185013817814548521
1382067160754552952
817847661964558336
713152298859233301
1394832014439481597
1416926509616332903
1451780096708055135
1280327973857132596
1253479378332160125
1441974405809967287
1321916689079734275
1427730811800653944
1390093216652464392
1385425272517689354
1339284733300838500
1500702293798948869
1294046257655976016
1312569984312021013
1299375269668192276
990092234382798899
1480667522477985803
1231352310106558465
1055877127020482623
1123046617860288552
1439679109650452510
1396108395810918400
1387490444828610560
925089439535988797
1302727786561015849
883751378441363526
1317967889235578902
1434514180756476066
1442172222721622107
1323353804627906651
1407755765317632031
1263594553601036378
1422243168828788756
1395059756217143398
1219791800336777320
1311161434750717962
1273822460663566459
1348021370176405566
1322212912223486095
1373320887557947523
962460707683713024
1473650446190248126
1398586952797782058
1354876882595872880
1428522122421997682
1461179985200156813
1464411530308354316
1252630872465604623
1469808442670841926
1056059329951834112
1395542501280186489
1398407528299368449
1398785640551940186
1413931357209624707
1392911056459792384
1420350844812922900
1364238450110238831
1414336817926246585
1384584436573536266
1403882076716924938
1412861977273041036
1393713930823667854
1422589690262847661
1424157151194124460
1425301564909944883
1411872907357065307
1154866458845786243
1427089839412609204
1422417274236702798
1423059268772429926
1481918989847363676
867532805109579786
1397624274310922260
1400289270178123916
1401997369461178472
1410737936948920512
1079920163933130864
1316830945940078595
1434195441544724500
1396202738290921533
1388684789313437716
1490013956092334191
1213522402319798282
1241523279718514771
1408249971400118425
1346904707993436254
1305369487041888286
1395260207298248775
889543582275494029
1413298129469706260
1406413892963537117
1495458438443040809
1406754535044546651
1279864635784167424
1358327296015994982
1410851060838563911
1380647050517155840
1397059782665306203
1376620270202261655
1279545284182933536
1494225903625175090
1154647258155982869
1384651099956576387
1399132351841304628
1458921440916279449
1375997434676641792
1408118740578598942
1401417058411089925
1195887242791637043
1318262419088216065
1027624493843222528
1462675645065593077
1171541679099101318
1406076115772248185
1283288137132675075
1313308562583322675
1321934838261092403
1395068980330238063
599118855863795713
1393661246049615943
1042212291980050492
455895295402704907
1392987501517344830
1242573119084957808
1336394121337765948
1019029011541786729
1413220897522716852
1416482489043652638
1218484532462747658
1391274145417007235
900552263611859005
1337864415554572389
1391468095864045681
1418969284394356776
1385302957779583218
1384527280054997132
1392633979273744399
1390510818906472458
1115279025645039626
1417222699029369005
1322799324920545350
1415401863955746897
1404481664075436074
1439081270050291743
1335022258258841785
1278436490023538891
1402035729705468014
1243095920178892806
1394476486320193609
1378024756787417149
1404869793353437298
1189253074422870106
1392270207145213974
1403369813341896864
1424489489828548642
469988574826070027
823009230512586754
1379090264559194244
1298418476767248466
1406829291706257409
1390688052334166094
1373675749969625182
1424359076745187461
1442443443401130034
1391510643366166528
1280364369049419848
1325629774491549696
1411050115535339573
1383512283120013515
1357714673708830841
1145476649530429570
1394810311248187513
1277036993360040010
1396515851309682740
1342907369805578240
1453260669758738573
904025357982777395
1388015380181815296
1383666164088967198
1356978423184101387
1412226677441957928
1257770411500769403
1417239888776134666
1140846248799256576
1405577175385768093
993267107183726653
1402689515587506339
1398331712638943312
1474595770979193045
1457931337783705848
1352631772885815379
1401868522648240138
1477701255781421240
814868001521795072
798305599115755600
1413518385744056400
1459237400462229722
851471890106548285
1278423828866797731
1368341366870118460
1373400778487894280
1419379990818197746
1279142459854819342
1326728668915040357
1395249445662363700
1438725877008564306
1421812635233681449
1402033388835176460
1233929659477917759
1287166157274746960
1409209691384320221
1383524893605363742
1404950599081918525
821428264677277766
1300634484181438485
1354973068073893949
1279452695538962455
1406785069498105916
892477465463775262
1394510406734708817
1402213436426817556
1348417868051775488
1368332410512605206
1491193255281561682
1309552422422843482
1408624080198041694
1255342788984180877
1383730322381864970
1391867615504371745
1402784989061451846
1321096959460642920
1417210445978275911
1406823048320909342
1381312060113293335
1260463802286215200
1417587780975853608
1412457476401528863
1395790977641218118
1446542937310887978
1420949797984145630
1272235132002111550
1299845661721755691
1285587295210045501
1421120689796288586
1264296360593719474
1383498919102775516
1372613499469168773
1415747258099699755
1397041247222497403
1401958598481023016
1396553638402326594
1384309907351797850
1425654207477977129
1395282823652573296
1398892745321480252
1342115765066666086
1437900526565064829
1375577697048330361
1410386427057012750
1420804583009292348
1395681905080270973
1453494140317995271
1406291914931834960
1142662522592317510
1356820667969830943
1491878948781555753
1061030289176014958
1203451724077998112
1364124296254984292
1359340450309476625
1266903505331949651
1435014424158277684
1304593954385166418
1340676487224889384
1398347696770646249
1398441410218164275
498626969483739137
1173753034652782693
1395759680717848729
1394116746813767792
1397358145067810876
1232301753962074156
1337107093097811968
1417349173384187904
1403162972142043303
1371644930543583252
1376993737372078232
1397429936637087806
1336831481779322962
1406473387827531810
1429892504953819329
1160269728812646460
1267958832550907924
1153020834588393654
1060705280603734016
1462510824391311513
1283569616253091870
1389711359025086566
1395511631819178045
1401276121839960244
1401606480104390738
1399281193421246598
1283728970847752304
1285871314577526825
1415159862660431962
1391486065788981330
1357380604882059369
1411812020780793887
1414319799919444133
1362769142557446315
1409515064297390205
1465169788211957760
1312468529588600965
1315818645301235724
1406160682092728411
1178740818203394150
1444441215625068639
992891572611981354
1199047816648077353
1159636835476176908
1409754747644284950
1308808236433932381
1386760682988634212
1373360018732224584
1400195861211906239
1055626710579691610
1410384884425425137
1408222839055716423
1341553252671557712
1168720936502054934
1287499599371829372
1410744687995912232
1193372681161150597
1372045820274413578
1381272764412985545
1408474069090832385
1312485788545454080
1375389842761973901
1392493858847326352
1324444967942492261
1364645639882932304
1253618046338207817
1407781423833813054
1394531962235912222
1350131254594637986
1302684653353828463
1358069056472748104
1421460132814000199
1383176338382258310
1418052078206713969
1399898200021794819
1322092505843499060
1385256541573353552
1244644550887084156
1420449584131473528
1400869283466182737
1177389252330410025
1473679115516379251
1445100371167936523
1460408157976137769
1263121148288176162
1240315264277545145
1245923288148869203
1241159070241787995
1231653534970282035
1492772917367541782
1424002460699328604
1396107152766140436
1416597915131969586
1394510611701825688
1403884625108926494
1303146623131582565
1329469617126637692
1403965675004887131
1439054006206075124
1426649784772460624
1406763970588835945
1396583863605657715
1364718179884077138
1398801782620160030
1464764873635270699
625473327795798046
1440400160696828049
1472319758777974866
1458520612296331492
1449451173407883478
1426241262943469730
1436716037570695310
1484017309206188206
1465231954226970646
1403474439055736983
1320985084819542111
1463535707665600513
1402405839112765531
1394041317960450061
1457873295797125231
1392648479679184969
996039478344957992
1443379387561934888
1432462882364326111
1491812339085742222
1463148064096391281
1086622354060361840
1476236027730329805
967579915929141298
1311893430309224468
1291078617635229778
1419377349052334090
1398654608091517081
1382248700876685382
1389767047038107710
1350195787417649183
1326935234503250036
1321184442844315709
1393077897207615490
1413558897947443352
1396902393605652625
1198025224453627976
1401832002344321235
1240711545827098745
1446906835574722703
1401542808791158834
1289649918973055061
1452009023682379959
906146710525448272
725910907569438750
1424679021102501929
1175236505065766956
1350980199684247674
1353870380930039880
1331688836652073063
1374546562272858112
1232667222472786024
1356418707861147772
1400321927419133972
1175823142711726232
1378353693480456364
1224508034341142551
1343703515306000435
1244105000461008994
1441189447096860763
1065599605091348571
1057385861362241606
1167887682446311495
1388017984727027812
1332122269257826340
1345440339380539462
1176505766463668244
1050776688440655882
365641436718170114
1387124609270284398
1234675594940256388
926507807140896819
1423157759418957925
1178259295771578419
929990026576678923
1390792135606800536
1345430619387330676
1415065314722316290
1382229298139889748
1375179972477718673
1443907992712908833
1195079596647911495
1264994319308161095
917859963852951563
1417600729627230212
1364055506674647093
1398355842209939547
1157475739407491104
1409213798686130217
550399056912842772
1414735863430250570
1406645979985215498
1422360478398681179
1432392853111308331
1409231259179417761
1411363076703522816
1234327114468163624
1368036661547761674
1286106987704221800
1409574327514566782
1423091397115777126
1483598340271771648
1400495432047525978
1414678061601001644
1327370828106694760
1317262615952494643
1361024264068923523
1368387375511769138
1393972524789923891
1414262439922634783
1337825406316843140
1388328055247736964
1393057868462293036
1217589009119707147
1305624856754389044
954802596990832662
1414326422738305156
1440825121932705904
1358501384340639824
1313768353705496608
1438678635631607924
1416396191108829209
1403043249857495071
1368727814966214697
1271983074141540435
1442613795733114931
1337525163230494840
1443231967389810841
1224120415002169384
1399651666118180915
1400280688103653578
1394612873627570208
1347314328948441170
1339790148510158878
1266882713684807823
1335454079794548868
1280662175907709040
996956772298399865
1351210188216078457
1012840054860820490
1101730412193136742
1181758197581758494
1172978950037831690
1284669816069947440
1301257418382114816
1318196759821815829
1416786637941375006
1354850939688714400
1401043391965560966
1397027725813878946
1395905043827527734
1342980073992753253
1397580912434085958
1429090741862404168
1354539966964826174
1391628560577466448
1374191535159246921
1394848811314188319
1398100956771516487
1424490638828634323
1403898255661600858
1381336631759343669
1414375070649811144
1394498443858149517
1377440840892420106
1416906290411733053
897579612626894850
1402782450115149874
1447986054257704980
1399539046652313661
1403169883826688081
1396978263565537354
1388344324877717664
1349736400865464402
1325867128099704859
1434148490409279652
1360367612998975710
1410073924485644458
1391587085797949520
1395755763917393932
1241369881736253512
1400202882611023892
1403202716620030106
1328078544210755716
1421624791768764590
1358882183338791116
1174804529334718476
1401648647728529562
1258578252411310161
1398644185091014840
1399813462762459258
1399518102772908123
1404951390358470697
1381105817712857200
1461452417215369362
1421228321345241228
1416976659139002418
1401673264656552019
1372967537708634305
1185715532142489600
1411879620910776390
1399871939379593228
1406342395674755085
1390529112166105199
1400021064599207936
1468977450548596816
1226366784337215568
1385490755807740044
1401612028308754565
1409739337783840858
1228776380960084062
1393926019366256711
1187591129441517698
1469803495866761351
1407455687344128083
1381253079395209346
1338312757316948040
1188302773708656721
1265048017942220804
1371830370466533499
1395731109811064902
1364627443679498422
1388742957787516989
1414614497649496205
1399915948928012338
1394880270921892013
1394733973162426499
1240059835320635533
1272259256439017726
1399048566521073664
1408213951640240168
1426700014553665546
1398169880972234752
1397375577157275720
1279606661870518424
1360763033835671592
1268982728561393724
1335086426559217694
1185000767132798980
991479417434034317
1423706655757176915
803370516021903411
1222359516897873932
1231671922262016050
1310991578814484514
1405384966174408754
1390671099603451995
1423341091029258310
1312239464193720395
1396290659740291223
1230491982585925664
1037023166796677230
1402277859229438025
1397214706376249467
1463732207800549480
1399620214022471723
1266248529907548201
1399516941189779637
1395921714818584754
1378444640591544420
1388101580313858130
1406710741360447651
1412105522043158699
1394837465625264159
1407825233943072900
1372615208291270738
1410805815354589277
1247697193825992866
1419824535254859827
1357360276177158317
1403114532112695358
1305924258593243219
1417979742174580897
1421709372517515417
1354211167811407952
1368077840100360232
1391088543220105298
1225158428373155961
1326676935870513183
1400981756684800142
1278830562819313755
1304888343519166585
1405718593290764298
1304196637698031652
1374862565318066216
1245855488231346248
1374561050833326227
1424176068331573341
1163910249426718750
1393777880147820615
1384505769160085595
1188191648757329930
962347167845060609
826515918016086078
1316416400956330107
1406713220323872851
1398041558074261636
1351342550161686619
1313656846732623942
1418005780283654280
1389370170186661891
1408517130759962795
1416413343102795828
1357689174014300361
1406616869628281002
1405361123372302536
1441086711718481930
1419384208278688018
1308527086310527117
1282973971607715931
1375885577194442913
1392073250447560714
1415033792657100880
1304895531700588604
1479285139480641760
1151350852473344070
1428535784419360852
1421609528469749802
1398426080817184990
1402707992503128064
1459950608894267452
1411802471092846744
1422262103418605600
1451326524543205396
1436644584724627527
1460403715327660057
934795906019119174
1253087841697923256
1430262782426878153
1424475131752874084
1437215389238034564
1456754677784776889
1431113286362992746
1460322337294520328
1407440555159588975
1365742188708757605
1065432442904776734
1107789303989416036
1369692141885853849
1466941934961692733
1439470222833614878
1426364315350339614
1398827237255680093
1434544510444241067
1403580783289041046
1404621077388202037
1372495867076018239
1203063938754027640
1248817678483722313
1307457898389176460
775159402201088020
1389370825030893578
1056334635950415873
1395925922686828636
1480623069650227213
934482955856904212
1252738128444264570
1322244841391919115
1485741827851288700
1419975011296350268
1324152370829066261
1326953751394914335
714970542767341659
1435153301162299507
1020288226533060699
525650234492321822
1148322307027255396
1488436322317369344
1491939124142407701
1348345895103627345
1306992654285799525
1094043836646445117
1409225002708111501
1284638884055093284
1199227372315090975
1180829153939951729
873691595139080192
1414972588400312473
1408612644193304637
927810293009113100
1348082113592955011
1497335916715311236
1455296603018625084
879052883713200208
1239768609241436211
1186649962126266419
1325240518904643614
1395389768472199209
704438198071328889
1081824816904028321
1393337682477973745
1347740917469151242
1449235670819274956
1277894687176261652
1479948061294985218
1395620887260303362
1246513708016992341
1416993065574596688
1280253653122420849
1331719251391811643
1467581863403983102
1341579353196331008
1374755154586505216
1415397562197999689
1415858189823639644
1181330098339713135
1380931547154087986
1415853650961502240
1261720581468983319
1470796963724132444
1393511256220237911
1260285263767146717
1299054057335292004
899319086222311454
1369123693514723438
892903686261600256
1341351748568350730
747916954882408488
502620139255103488
1479659289621565516
1399316706928889996
731336118016016414
1289662534135320608
1428961547597905922
1322674557349400680
1256343525956517921
1289024775674400807
925475349087780904
1260006879803871312
1226716080072949880
1323697995329306625
1322788566715207756
1335010403679473694
1373758937693683822
1377785074250022974
1436694341446926377
1304180264477655100
1351249247818878977
1017577284225466449
1250343668527927341
1002659437271593081
1332400867885715479
1405946870735442022
1046611597440864257
1364028686566953054
1215654994636705824
1336931950908145694
1322990666954969199
831207054927593473
1470895081383923723
1378149461053800629
1457967341487784104
817048092880404492
1447784931903148092
1160606916351889540
1189201805771550780
1194349158711165038
1191023422793322509
1251020678870597652
1097557611546673152
1370432995218948186
1243881344644419705
1476975713235112028
1249895228186427502
1183535400925532295
1454502439855198298
1343207833948258395
1358144504867193017
1322979151434616943
1104744650134261901
1458870196650639567
1375268348031664189
1351797745094230040
1260116518264504371
1067916631302488104
1421881782906785886
1212065563799719948
1325263859220742264
1394800391748718634
1398826369038684310
1411478131088425034
1441877288676233370
1266450955965304960
1199870838581755936
1380348926993105069
1424174636484132895
1363915589713920190
1327280735715065972
1350502563904225413
1380986089598226462
802630278849888256
695859085874036737
1384220988346073108
1292579676295925781
1431798771699810407
1105866977978876025
1036404853410386070
1408119229168881664
1381072146821808240
1402361099159998465
1048403551845629992
1244723237586341949
1329202321498050642
1292543790711570503
1056001526168047777
1379322135297916949
753822110643650752
1445514655064789184
1324330488239882252
1281687178015019128
944333826388262932
1317883063836999791
1408228756388057218
1408123531988045876
994767385393369088
1243303135607525427
1396498641090510969
1240347580005879860
1292609893282349151
520747531282677802
1023954423195652136
1376665581671153814
1465052509172269190
1269760410031100027
1366998710625632346
1334094570002321421
1278470041616125963
1272534501033246751
1324759505874976799
1331627925673611409
1327309018775027734
1423238162603573278
1377377725882568949
1381800325043720252
1011651125457473536
1248330872227364946
1404945413718671476
1338479278584758282
791725512871378945
1398677046686912683
1402059781493096528
1407238498011844720
1164029382927593532
1414016446685778111
663224692957642762
1130202815399198720
703729346770370681
1363585709457408211
1282021167099674750
1371211718570807348
1390644742429212732
1376050310371475527
1397437170532487269
1167228589545095189
1150447445139013713
1290358345298874498
1421245857117896776
1412210921484451882
1407474594243416188
1079848966130245651
994403156832301197
1283912476483780732
1388207608984244259
942077823357702206
1177314083381465279
1376346800608510012
1243941746879234130
737659413992701994
1023337416381186168
756144939083235418
1396449195807739939
1309201942865641514
1117656325640421406
1451095452039516241
1451096504772329615
1250201295680442401
1276701074753060917
1244314130345623690
440579821358022677
899207434973888532
1409540808855519282
1369084359252115478
1385408415127306398
1201559527942787134
1364974857992929282
1360047177925263361
1475093381590814807
1196840320487411872
1409245478767431720
1358164493300928532
1413326227602804797
1360908309229600929
1468409265491546178
1300211039039914057
876001728640720926
1425188111394148402
977265148714704917
1250899471877804064
1459336771606286400
1301306212385558571
1474538372151382018
1308208676422684702
1445874317484359818
1015952300877029428
970345376991281222
1254501508414705714
847277082992181248
1355549548876926997
1466832678614732995
1432038513670623294
794198728701247498
1291016821708816445
1065785242205573171
1441682713437405287
1402023107639906376
532953013204287492
903729967039410197
937005395271122985
798307874869739560
1251944990771249226
1394846141274914827
1329160261675909130
627239558416957470
984517088146231396
1428810248453623829
1358175474161025097
802735461851987998
1244399803388137584
1455266096822091878
1155690691305947197
1417660591316795475
1327696537710497795
1347613558787276871
1350300862014292038
889306546952110091
688590310753960019
1274511255708762122
1171949765043425290
1383830759403421788
825765332656193596
1464116440604086464
1325065606055071766
1460125769320763513
1383817889999618170
1419842935725359115
769680596711505921
1206613075235569725
1156991245944619058
1450147949949751400
1459566783546658931
1278865843916116069
1298293676413292564
1257294075955249237
1384252145557176445
1421252380275642439
1441943319671210014
1392241194481881171
1411506410314797087
1240644512183881783
943697858731855892
1077980107743953016
1189354448250740758
1386356104476229754
1447320342950580298
1407523665398075545
1437820464738336778
1415817455162363966
1400694657381433487
1185941871558656100
1398357831052296192
1172518056497516560
1392242440890744902
1443761240571908207
1244812359260704822
1393966106028277856
1451282524969107700
1363604419605696624
1442568902700957707
1202033164084854786
1449591623137628251
1229064409905627166
1415780486109728893
1454110758362415114
1417687972752523414
1367961457026924544
1360210562482700471
985369760759955468
1278113203473088604
1100403768572530819
991482592325021697
1418370508042534962
1282363653991170069
1249305604170977311
1320831189593882656
1325917983339446363
1334858408628588605
1396148721263313018
1079068737455529994
993666943313784902
1389567144735543317
1019987301742415892
1448072109451382887
1182818769144381464
1225615547086016613
1231432622190891020
1408984567293018142
1153123179309568030
1168200851832184944
1266162560307036191
1126926364054921246
1403877832869941378
1320124672951582810
1413290573531713536
1245534158265253950
1198309612307357760
1459027238652608718
973033569578532864
1220891089691742282
1049726089297141780
1194781446003490829
1427805575781158975
1295819833354621040
1398885018448953415
1402471448353837156
1163295440343683123
1329804484385308726
1166494995772080188
1387810314724052997
1442627663117422805
1469768736885178399
1128098298021036052
1274057492258754573
1115674143740924004
721534462017536000
1262111563402182706
1390416324529881299
1224760444632301570
1221999628266901599
1366280162668187650
1330009940789690459
1423322779515879587
1183120020167999542
1411567682977005650
1391159288344608860
821827280552460308
1286869174358118430
823884928806289418
1265177931316199460
1119392540316155964
1399920795534233651
954862132414021643
1360354803020075209
1444000316654882890
1498765282209042523
1391202579261816893
1409320674425704478
1398125784169713776
1131400663461535776
1040050755928850512
1315392501653442602
488208273053581322
1407920087268331635
1455046198548365421
1414621550849691830
1342150796917215262
1249784627208519793
1426704352785072220
1092209283535478885
1350908597038616719
1463555958482407581
759411292594241596
1024009940408475768
1389430341722177559
1185610691311325253
1402440452979953866
1433726017301643340
1198341418360512545
1153525061567909949
1411719111796592640
1464670940662071471
1340915180556517396
1130937101748285542
1294988192432390156
1187740365625770085
1398028307559088269
1119768863492538520
1442663774728356029
1133735335487094804
1066179602004844625
1079474865481973773
1213418744303456286
1407739219207655517
1290684385879789652
1429129030535348254
1341115228603027470
923379212201635861
1307288836023390271
1202062440679084038
1279182852415819800
1042557996821123153
1311090121587691581
1308176102744920104
1180672483003731978
1487485717558071347
1236739532892799088
1429494744072978458
1394889729362759690
1198842076746485830
703655850132373604
1381338332289699934
1362537836678746164
1256714453597028475
1371271260452946006
1386843850663792660
745440033254670357
1373385147507937370
1306021193056522250
1493818009569988761
1206572137155006494
1367652328735244368
1010710502176993401
998634274221719622
926202993605492766
1349162226392633365
1254065048641605707
943834617117548675
1258917050907103322
1402737819474071603
1362114488219730034
689994716732850210
1350516567502487677
1319135730131275809
1173238411696549910
1452352094659940403
1353798787122073600
1464170071545876511
1480308204742377695
1341594096434942032
1301583789679448176
1061449743198326845
1200578662039293992
1301974331261190234
1085033011260686406
1346710268331425864
1401709320491765770
1434171178121170946
1296518475849797653
759612966382862387
1407761628295991326
1249155831874977832
1346988065477890182
1270161989460688949
1351671494136299664
1023256224365547591
1111515889876082729
1340382851346071562
1478553005623218257
1030909158402293790
1276937222314266758
1383190862703624243
1346575439535149068
1291933332560674876
1376560198646497373
1068911344365080606
1344502066806259782
1409933800900919337
1221107086579077171
1216580325568811108
1269078636716359831
1318747545664622612
1364293248285147268
1203043376920797190
470015441008590849
1402400787627376751
930253040634695700
1342885347578875996
1142610698929704980
1059504734945415279
1199900740605444156
1313491950766391370
1310218395911983156
805821801737224242
1422033125755584566
1378815664029958174
1290782045483700275
1328714679857447048
1236097838232895570
1403512582853234849
824427457163427850
1348044500421050379
1202735799855226974
1211691575923445781
961334538670309376
1368726998322778164
1230640192533168138
1411795821095293088
1470144200635977840
851583122122604574
1162215467331633242
1295513046717960312
1024084335034384476
1400936951712055326
1290695199840014383
1373468373660336128
1403800892402044968
1392718194036179015
1404086845108912289
1396510970402050132
1325327326027714583
1433038549891944479
663349796416782366
1251663151938670603
584032164996448325
1423978159119925258
1391910714276450416
1006231590768222280
1417353514077917204
1018192579264794675
786951094672424960
1380670856623034521
1323397979079577763
602596843410554914
1467553318334107860
1389506771508527124
1411421620349964479
1193301892063834252
1377980493567365151
1315165906229268500
489588985732136982
1184597543569588336
914992621368258682
1149649636018106388
1309274174534979595
954770057702039592
1411295871408013414
1293819716317745183
1246591027884593197
1439998504167804980
1278483865236799590
1421157643757551810
1327984766913609785
1468401237568262313
985226189591420978
1113499443166183455
1081608807295238215
1149129270103392296
1195016109917737090
1351338222776619058
944454226917072916
595539398746046466
1067873379471859813
1459871123440402689
1304618112104271927
1207776678000992268
739876790729965679
1332844793868583135
1158709022392848445
1069446248161095740
1331360141395755167
1413329516020891658
1232131438720319556
1298099134401876040
1407793665904214026
1288558926178160681
1279948174340919308
1317932396275830866
487446302452613121
1412676223733076078
1126304683233910925
1199099571456979064
1180224604988526662
1149127798858985535
1249483223038300170
1401772930601455706
1207768606079848531
774086786707488779
1418839990711881821
1414422940245688390
1211207815713267734
1253104071846662255
1269377372818505825
1250906488122376334
1421960520700924084
1378931099039698985
1324889913715589203
940304131241943050
1384054543209205910
1225227471977320468
1151145793026277479
1120087381832380476
1088458511450648588
1118647466082967582
1313574562541338635
1171525400292241520
1236719988728004699
675765822072815663
833721358391312394
1405616730474283109
995358450475339787
1448830923859689635
1193182973495869460
1067654604654903357
1155611678344495187
1350259817708519558
1083772501219356772
856038838479749131
1090971402485645332
1413191750167695414
1309637110009040977
1335345628686979195
1320057941046591621
915326622373126174
854388408130207775
1305566350865072269
1043131568992030780
1375924181539229728
1268720263714050098
1269735601767317627
887072892968386590
524592797441982464
1030309813462237185
1334081895981387807
1345864762273169568
1082146649331224607
1263708310100643921
1323837616604446722
1389624994153369691
1398072370228629655
1092568917421084794
1361129260865163305
1125223322649632868
1411580303587278878
1033225908938625095
1341935205233201245
1393758292404080770
1440007681795686564
1390815333954228355
1346272235412914227
1359568715297067330
1392660889752047706
1309974354456477718
1263327554362937455
1334237266964643870
1399848685491322932
1115710254651547710
635877178294140928
1483951926075854989
1445162748559491093
1366464626400952400
1439623438917566515
1089667475383267440
1314906369375342633
1347070007577940043
1325742849559629830
1129343361636122665
1463368706691174404
1401350178836975756
966798101077688371
1282136383041048577
1388142956279631976
1417583887441199185
1213877095995019334
1265812552953237514
1346599856097198194
1224710577830629397
1407457713906253977
1337496272709353522
1240008648558645329
1367264621781848164
1398479469903347916
1331777422449836096
1235267809798520934
1399435257236816023
1181241874997072047
1343072179205701665
1172559409742889071
1427453514589933658
1166707126375301200
1404880531069337672
1482144329303588955
1438691877582016546
1350965219916124231
1397666693634854933
1355541778631098489
1308619568666644490
1324074274436284496
1277067407696859253
1213553776179290183
1335381573956010095
1244791688275296295
771325388273090591
1149501374816591902
661888608688668702
1416195256176742472
1137440268132552724
783763745918025751
1387958377048576081
1293350231915630663
1251617811072028768
1094370387149721670
1419811552869089371
1352731379179327600
1342876159376887819
1384702667816829179
1317797320817119274
1437445457357049926
1320990070051831819
1310658859093725235
1418396154453950606
1335389716685520979
1302428008950272022
810948222478188585
956230133293916240
1184026985693982795
830937756544532500
1291123506507026567
515647281161306123
1435752670701817978
1177254175579570186
871555080682369066
1391828771514089472
1264745091747151914
1396285098130669608
1286721077598224394
1256872546058371173
1205714055000494182
1382525364273938462
1247154307296530494
1125914738115760268
1394317067749953576
1378126161736892556
1087375544154337300
1130589542458601522
1233059761059139635
1344057137042690101
1198667668329336832
677186200599134239
1319002525256650774
1342646542422642808
1176304057598623827
1334675911093780560
1160357755538911242
1010926201461809162
1398363061693190235
1241436917904572680
1048635286818656286
1059204789042425927
1236704399548743763
1211141962313240627
1347302070398488617
1453634286690369569
1188961692680462422
1101931423750963230
1288980323786428459
1469096294420058213
1407130606659309719
1351602375684657302
1235380303468691580
1306291491550789705
1243282270568054795
1269087133059121163
1075779497393147905
1388598979612377259
1380972397964034059
523158052762025984
1346589486846443560
1179180375348617308
1237882672047460444
838194518549331989
1270340333095616524
1132476704787538021
1445910104368218275
1023587793739464718
1216915953275637810
1058770810623500338
1345878589467525243
1319309391564116069
1429266017884049512
1391564199704006746
1413565939986727025
1490752804665557143
1394414131439734814
1300574104197267499
1005842383126134935
1276943601687068673
1319143639917662313
1037456443919577088
1399852151609491499
552984831827640341
947471585336496169
1286093155963502652
1271171134229839967
1363651388046835983
1290652011137863793
1265017543572324362
1394863078717259816
937020378398732339
1259939941526409368
1203874889640054797
766300081657085954
1452126373878567057
1309634872511430663
1425953330664046772
1035946075049164880
1233161116801040424
1249525134138806272
736715582061412372
1144006780691689482
1253881033774862412
1257424706924056623
1188571582352867399
526893718955884544
1320118496218054716
1370407813817434163
1404139822221889706
1062198220211626044
1411460216217800776
1088056098633826304
1317936047128313859
1383102679680680047
1400298978935046277
1008110934939668501
1405542657731592322
1462472828048769157
1386512820556005377
1051533288507965581
1415037736691306587
1309653781088309311
996462206243848304
1391061990927237141
1195831834802651229
1158697566024777808
1281411264261652485
1162460981096615936
1404471090431918182
1407420227574169722
1440044021052346433
1119010046978826351
1423036394032468022
1359678426935591072
1411359964592607303
1438529316035104768
1425563260425474129
1205051046578225162
1367445851093467227
1076661929482928199
1079102367968006205
1116849851032940574
1399927139360440473
1395928388006449214
1325496950518190132
872553362866991175
1253875873078054963
1243847474746232937
1081700916576665660
1410999040249696409
1186227244880908324
1078050779266564227
651842134563094575
1240423086751223872
1000811440061558814
1334266439359791205
1366430346878390273
1164744183165222974
1321356887014379560
1353855944152584396
1430737063996690543
1192990395429302314
1157919440495718491
1444473944056008758
1371177687665741834
1304538552075419711
1331836695242342414
1459981561469341789
1418805929826058315
1429080221847388372
1333763948851495002
1101559905808289823
1206582133590724642
588866771885490176
1305561193922170880
1366563690937319455
1370771917207769160
1402835411453349971
1246164102410276895
1445189170111971451
451151059570786337
1121566560297943122
1312180013671518271
668797076649541652
753727557425299456
1401939617988608111
1413649922476998656
1323728102425100348
1168380263412285500
843210350567358495
1350539411674238986
1429614022633984113
1391635985451843636
1421681775750549662
1150922303463501877
1396639470031339542
1205524265399615568
1232450733627146360
1415470237184430261
1410072698272612516
1186429071530397859
1376641477790273566
1246210715409190946
1203944417119969332
1492928523164323890
1453210632051626024
1216372635181781054
1403512490003791964
1399538038358540418
1170472649261068369
1310393641394638850
1084270826246918154
1495252288002855063
1337083018740764825
1232140628897431552
1080224986905706676
1239592991518359552
1411483723173593140
1263981806869418095
1361001158692442193
1286674004392017953
1396940382633459753
404433531033354240
1264586703012757505
1203676711078727681
880550382722502667
1440402100390465639
1151009594722750484
1255563084827853023
1318327317705265164
1394037562938621963
1207168577040547840
1365662616504238170
1298342341186162699
1267058668613013602
1344838835619758120
1412162422176743516
1395367060711805029
1351332546222358628
1331658751341756542
1397935172241854524
1013556179940675705
1372028966814093514
1395920203455397982
1353064289698713721
963954248687697990
653997855534612481
1135200000960385127
1346553985464668241
1353088051806736445
1419016651327799500
1363685494797631528
1378549286454689812
1282769585929715804
1444661129430438013
975062532660269147
1399781111847977074
1444464680146833551
1218542874568822977
1124906583407734814
757059018236624897
1300018180919525388
1234196514780217395
1425640348503248947
1261080036618797210
1403835702244020326
376054265833193473
1234005723948781578
1294426567635763321
1320865172599869441
1271518521800523919
1389725785442615426
1392315910651379787
1395101798829658235
1466046520901111953
1379671674051625033
1380578115469836338
1439272298241851423
1296225419372134423
1378374919276200148
1353804193479135282
1383930442209558609
1306926995883692124
1420532269726306334
1160243761423593613
1279892676220555317
1353359446008659991
1106647919089688657
1403449737759166655
1294046080752681035
972675314360680478
948034850441531464
1441389910455226399
1236419126092759062
817951348703756318
1265424466670780478
1331107797483524149
939000562878398505
1207346343413157958
1333252598345502870
1210718197783859290
1456079019433791723
1210207281816272956
1259638664351453258
1449386113268711438
1241405082906398833
1405657719238692864
1279238697543532633
1318701654803218493
1262418608563421225
1302744987418624102
1411830715858944150
669012780644302869
1187119979498307594
1212525051581046840
1354206436657336602
1392610636852367511
1381405239927767050
1357868864494637167
1368708854942273687
1253788045191282689
1327754451829919874
1350891541299990620
1080953009946767480
1348418523625689211
1191377933022003221
1155288236835491881
1220513558534688801
1347721811042893939
699969576070283274
1386491956909178971
1411424971774759035
1308885391654522910
964350870097637417
1091794462092558376
1205374310978560032
1171196401955377256
1433129064616431801
1259599502994575451
1440613107834683454
1192099345005293710
1026538397638078464
1150101993612914698
1303018809019469874
1421836182156742830
1299372196933926975
1345089390774452326
1266915923294421096
1203815391177084931
1411395800524918804
1154169855273095208
1396856981989625958
1355646598377373747
891334870360551547
1256630337199542413
1248420962341224553
1191878153841414264
789213368958582815
881631385876594721
1417218997362884698
1463302634130903257
1343197852645720196
914906355150770187
1261448121318113350
1061387403811639307
559087361800273920
721954466068299836
1396549982214950963
677155251761184815
1183181427697795142
968109926989852673
1463394129722605598
1313272658162352198
1261168971479126036
1233220594225516625
1499851727598522503
1331699037140947056
1290824180996247624
1375236400814755970
689668319846203472
1363176788871745606
1460004591742746738
1415513492772884643
1415525055395266650
1324859515761590272
1216239955261657188
1418373258268639383
1411497285208244287
1100165224109183119
1408992825630134388
1469467802346721290
1469463536064401690
1469898966304034856
1401326529794805903
1399101863340671187
1351344714452041738
1269502104775692333
961772471906889808
1268033467707424809
533261832199077889
1492585694302966022
1329307505028890687
1397421176036528139
1250546838012956757
1163157631154782338
1398451939200467046
1278109120464945265
1412987172578918490
1002555400253624392
735210835105808495
1475870867178393685
1278709183574970409
1421711273187606569
1278902202336940056
406779984498130945
953325949099847773
1396554776359206922
1365793993040068648
1017239964888616970
1192903838596866158
1395522366859116696
765068057026363394
1331302761932783720
1305607474241601627
1342455145161818152
1372922893150982294
1256352485350838355
912777692758278146
840679720407924747
1190774654676238477
1293333608387317772
984989665394294794
1341275425598472225
1280193622884618312
1102336564136251473
1207568852733394944
1369349355227582517
1479292528963358822
1059566538786615356
1235371270598688809
1318528321042251796
1218392391350747247
1335029494167244810
1470959968802050129
1327314864342827088
1089049263851438220
1284669964980191279
1390859751507755070
1382189615338885130
950199677465268234
1435375422505353247
1192671156495458317
1395579816035483699
1227001338311737484
1304497554100191242
1410467171490074686
1446299753443754038
1396187625710420038
1433603578525913323
1332847316440449094
1322646215623442487
1449063164019871867
1286449503779684459
1163129424930152478
1231115262011641948
1104066378090164244
1387140543993090201
1345550139959545949
1395559329632878644
1306806383672426587
1364751135407341638
1182363163170181164
1428355558553026724
1428851727326646274
1363065402225066006
1246946318903939123
1430497928648196227
1393378971621523466
1265744486856654848
917241901697081374
1222551784548208732
1402047928931057664
1394374312835809433
1430270236791275621
1363229453119131801
1387561763238707285
1419472245323206727
1263538962790613016
1411357459255398462
1279850067490242591
1492256503342829751
1352405960882389152
1221553033767419915
1378539662389416108
1327342670514880533
1375109115549843479
814176704880705566
1134506473381175348
1400519359322919106
1390387465512288368
1240503064113320007
993023045130256394
1484710033748131974
1371155867407224853
1387822194381557890
1402471024288731138
1069701759393599588
1411136815993323550
1330594820099674179
1250272425908633638
1248055418312200236
1074489749714239568
1393796308405321760
1269008674169421936
1362622365359669392
1033350635439009802
1432769485172899996
1384272744627306620
1458326478096699484
1271907758236762175
1415627917299421266
1214604434706006048
1170876820825051258
1491926186685894657
846413212865396797
1050594930810159155
1066761624825901128
1295321003609821194
1124796939725197384
930117364677238875
895521913944817675
1175117972331843625
1232861848995500146
1150669827426500638
958575382360125482
1326709771172053005
577999148557533184
1431342807565467750
1311376387529244682
742754420915175526
955477445845319690
1439777112646225930
1420594441483321386
1380036789296959510
1255238383047803054
1238946722550513776
1408484471413407806
1052614294853910538
1291210359272636419
991493771692879923
1169772789415301291
1368452011778899978
1346578139706294313
825404743027130409
1369791482407682088
1499463381621407876
1373476911052755136
857049952377897013
846431245444448266
1117050854336380948
1375277457741189141
1447757033049690112
1416479287833395291
1208249262241226762
1401312333900419114
1415460721352773662
1336126481528651787
1231459336732020756
1245825267428098184
1404180291714682995
1139040635349901393
1345369117296824360
1274409436978610306
1191590490731184258
1115866496535638067
1439726735355674694
1419369240426975393
1424999199749046342
1411299035922432101
1260393369147019327
581314026697523200
1317975963086098443
1237458759387975720
1304852347146731550
1340644715141267466
1419467915240931459
1413861202529878048
1311087119619457136
1375555625425309747
1334568935856537682
1270845364467011676
1396523386531745984
1235215641854738486
966270319369281586
1021786411566903407
1288958631148257323
623188363230445568
1476322850712457216
1455027023113359380
1317520761413439550
1179641709496389652
1224467980637966359
1349438207422631967
1182303600060416004
1396619138360676444
1389722849681346590
1379068690527555668
1429279521063960710
1387796253584392293
1221207124600819803
1316186495047958550
1321824326667866248
990764739837718538
1067215397893439500
1203819257360814101
1398354679678894233
1412495648107794452
1097882709264699562
1341604853889241128
1208151600926035999
1401707118842740808
1393303048998354996
982376025914757220
1080968214651080774
1349373000746532914
1144730000763928638
1299468066970669127
1453828660929888326
1124973818188935210
1404951286062776363
1302722130214916146
1065821033518616637
1371968452348346368
1309130310746898486
1268344555976130683
1371580561377988618
1140703282206101556
1269013202470047750
1392209252159983646
1255965403621101581
1328038023878672507
980063924160430090
1350805808467804180
1335085047769858068
1245916065968558215
1132334441252012094
1341928040783155333
1320892811478044725
1246341387268526144
1083880091911725126
1226903691756310663
1390314184549335100
1326947366959448085
1198306766476296263